1 1 1 33 
2 6 53 36 
3 5 70 33 
4 1 67 18 
5 4 28 89 
6 1 93 43 
7 5 42 29 
8 6 74 38 
9 1 97 34 
10 2 20 18 
11 6 82 82 
12 4 38 62 
13 1 30 63 
14 4 42 25 
15 2 97 54 
16 5 76 58 
17 1 80 6 
18 1 75 87 
19 1 23 68 
20 1 36 27 
21 6 7 47 
22 3 96 5 
23 6 40 59 
24 4 64 95 
25 2 84 80 
26 6 7 72 
27 5 24 94 
28 2 77 47 
29 6 30 1 
30 3 72 44 
31 3 8 8 
32 5 80 58 
33 5 51 25 
34 5 97 5 
35 6 55 13 
36 2 67 53 
37 6 96 44 
38 4 42 54 
39 2 13 59 
40 1 27 11 
41 2 24 17 
42 2 12 52 
43 6 25 91 
44 1 58 50 
45 5 78 91 
46 3 64 24 
47 1 78 16 
48 3 58 81 
49 5 77 44 
50 4 89 76 
51 2 100 82 
52 4 30 54 
53 4 84 22 
54 1 89 7 
55 6 9 94 
56 6 36 53 
57 6 36 32 
58 6 48 27 
59 1 22 79 
60 6 7 23 
61 5 72 42 
62 6 55 29 
63 5 77 43 
64 3 60 18 
65 6 12 93 
66 4 76 62 
67 2 24 19 
68 2 21 95 
69 5 80 63 
70 2 98 62 
71 1 88 86 
72 4 6 33 
73 1 22 54 
74 3 53 43 
75 1 31 69 
76 6 40 85 
77 2 5 24 
78 2 36 1 
79 3 71 78 
80 5 49 88 
81 6 55 33 
82 5 82 86 
83 2 45 34 
84 6 27 78 
85 5 96 81 
86 4 77 53 
87 5 50 19 
88 3 68 34 
89 1 23 37 
90 5 17 22 
91 6 74 55 
92 6 19 26 
93 6 78 74 
94 4 93 52 
95 1 50 69 
96 6 13 77 
97 2 77 17 
98 2 27 97 
99 4 83 88 
100 3 47 47 

1 15 50 34 
2 13 2 17 
3 15 87 92 
4 13 82 2 
5 11 1 11 
6 13 16 33 
7 14 16 29 
8 10 60 29 
9 10 25 30 
10 14 17 38 
11 11 88 90 
12 11 5 8 
13 12 58 75 
14 10 55 31 
15 12 7 79 
16 13 16 93 
17 13 62 66 
18 13 41 39 
19 12 28 68 
20 10 28 21 
21 13 81 11 
22 14 29 97 
23 13 25 53 
24 11 87 71 
25 12 48 19 
26 10 54 65 
27 12 88 100 
28 13 6 34 
29 10 65 79 
30 11 33 61 
31 10 88 99 
32 10 76 12