1 4 69 26 
2 5 70 96 
3 2 57 18 
4 3 94 88 
5 3 22 39 
6 5 43 47 
7 3 91 82 
8 3 4 69 
9 1 39 44 
10 2 55 99 
11 2 30 44 
12 4 79 72 
13 1 4 26 
14 5 15 70 
15 4 53 18 
16 2 99 78 
17 5 28 84 
18 6 87 13 
19 4 52 97 
20 3 19 55 
21 2 24 56 
22 1 37 92 
23 2 51 73 
24 2 64 37 
25 1 26 73 
26 4 75 86 
27 4 80 46 
28 6 62 76 
29 3 24 25 
30 4 73 77 
31 3 22 91 
32 6 14 81 
33 1 16 20 
34 3 47 9 
35 3 34 29 
36 1 94 71 
37 6 63 19 
38 6 54 80 
39 6 90 74 
40 5 43 6 
41 6 59 60 
42 4 22 59 
43 4 44 80 
44 6 7 82 
45 5 10 42 
46 2 66 18 
47 2 60 98 
48 4 97 21 
49 3 12 28 
50 1 55 7 
51 6 74 51 
52 3 3 40 
53 3 50 32 
54 6 96 3 
55 3 15 60 
56 2 10 48 
57 4 56 55 
58 5 55 1 
59 5 54 89 
60 2 6 34 
61 1 49 47 
62 4 10 6 
63 5 73 20 
64 1 21 13 
65 1 76 6 
66 3 71 70 
67 5 68 0 
68 1 52 3 
69 6 7 75 
70 3 51 51 
71 3 18 62 
72 1 74 31 
73 2 26 50 
74 3 25 93 
75 4 1 31 
76 5 39 11 
77 4 58 53 
78 1 52 47 
79 3 82 70 
80 4 33 73 
81 6 1 78 
82 1 98 38 
83 2 92 43 
84 4 88 95 
85 2 66 35 
86 6 91 48 
87 5 10 81 
88 3 58 32 
89 2 8 42 
90 5 46 84 
91 6 70 39 
92 1 5 74 
93 1 2 71 
94 1 7 100 
95 6 13 63 
96 3 90 3 
97 2 3 7 
98 5 22 88 
99 6 99 73 
100 4 90 70 

1 15 84 32 
2 14 36 4 
3 15 69 13 
4 12 13 51 
5 13 25 12 
6 13 97 82 
7 13 37 1 
8 14 1 98 
9 12 48 12 
10 13 48 11 
11 14 48 83 
12 14 99 10 
13 14 12 66 
14 15 95 4 
15 13 53 25 
16 11 61 85 
17 15 41 15 
18 13 82 34 
19 11 91 76 
20 11 94 18 
21 11 97 28 
22 13 32 68 
23 15 31 86 
24 11 15 9 
25 13 11 29 
26 10 70 88 
27 10 51 45 
28 11 1 13 
29 15 83 56 
30 10 66 48 
31 13 47 99 
32 15 15 36