1 6 4 63 
2 5 31 17 
3 4 100 56 
4 6 48 54 
5 2 60 88 
6 5 29 35 
7 3 82 64 
8 6 44 87 
9 6 30 10 
10 3 52 50 
11 1 48 28 
12 4 29 4 
13 6 20 17 
14 3 70 45 
15 1 44 38 
16 4 93 9 
17 5 74 91 
18 2 54 12 
19 2 100 57 
20 6 25 41 
21 2 22 47 
22 2 14 89 
23 5 41 43 
24 2 84 13 
25 4 7 53 
26 1 20 85 
27 2 39 43 
28 6 9 98 
29 5 85 47 
30 2 77 96 
31 2 20 95 
32 5 100 63 
33 6 29 91 
34 5 35 88 
35 4 3 70 
36 4 26 66 
37 6 96 69 
38 6 3 92 
39 6 6 96 
40 3 80 73 
41 4 35 54 
42 2 21 65 
43 3 86 92 
44 5 60 92 
45 1 57 59 
46 2 80 51 
47 4 41 22 
48 1 68 49 
49 1 27 68 
50 6 88 80 
51 1 53 43 
52 5 67 91 
53 5 36 62 
54 6 53 1 
55 3 60 51 
56 1 92 93 
57 4 93 90 
58 4 9 41 
59 5 42 76 
60 1 96 54 
61 1 87 80 
62 3 52 29 
63 6 13 61 
64 6 8 18 
65 6 11 91 
66 4 30 6 
67 6 68 92 
68 1 88 82 
69 1 22 36 
70 5 76 95 
71 6 35 97 
72 2 58 24 
73 6 84 60 
74 2 94 57 
75 4 34 94 
76 6 74 90 
77 2 23 0 
78 3 54 48 
79 3 96 71 
80 6 22 91 
81 6 84 12 
82 4 46 95 
83 4 35 55 
84 1 95 6 
85 3 80 4 
86 1 44 43 
87 4 76 0 
88 1 83 30 
89 4 62 5 
90 4 82 30 
91 2 2 32 
92 4 41 61 
93 1 25 16 
94 6 88 77 
95 6 86 69 
96 3 79 29 
97 1 11 29 
98 6 22 40 
99 4 32 40 
100 4 95 97 

1 11 65 26 
2 13 86 22 
3 13 72 26 
4 11 10 46 
5 12 24 92 
6 14 89 61 
7 12 36 69 
8 10 62 62 
9 13 79 95 
10 15 43 36 
11 15 24 61 
12 13 94 90 
13 15 71 90 
14 11 96 22 
15 12 50 99 
16 14 21 17 
17 13 6 72 
18 12 25 52 
19 15 20 18 
20 13 34 18 
21 11 85 45 
22 10 0 0 
23 15 81 94 
24 15 21 47 
25 14 87 91 
26 10 92 26 
27 15 77 29 
28 12 12 30 
29 12 7 49 
30 13 87 35 
31 10 82 74 
32 14 17 68