1 4 86 62 
2 3 59 14 
3 1 33 20 
4 4 100 91 
5 5 92 55 
6 5 57 47 
7 3 19 87 
8 5 0 89 
9 4 98 22 
10 1 2 7 
11 5 16 35 
12 1 89 48 
13 5 85 22 
14 2 18 50 
15 4 15 31 
16 3 84 83 
17 2 11 47 
18 1 15 73 
19 5 51 51 
20 3 35 97 
21 3 41 93 
22 1 8 17 
23 2 54 7 
24 2 11 33 
25 4 79 33 
26 3 3 43 
27 1 78 11 
28 2 71 25 
29 1 18 69 
30 2 38 9 
31 5 13 12 
32 5 61 75 
33 3 73 41 
34 2 5 47 
35 4 81 7 
36 5 9 78 
37 4 100 92 
38 6 5 96 
39 1 14 1 
40 1 91 81 
41 1 11 19 
42 2 19 3 
43 4 9 66 
44 3 83 4 
45 5 9 9 
46 2 8 83 
47 2 7 10 
48 6 24 89 
49 1 4 40 
50 5 69 44 
51 4 28 92 
52 2 71 40 
53 2 52 40 
54 2 69 21 
55 2 51 73 
56 2 48 16 
57 2 45 7 
58 6 69 40 
59 6 81 62 
60 4 100 82 
61 4 21 15 
62 4 25 37 
63 1 92 98 
64 2 58 43 
65 1 25 40 
66 5 96 33 
67 3 85 86 
68 3 59 48 
69 4 49 54 
70 2 82 78 
71 1 6 100 
72 3 88 42 
73 2 92 35 
74 6 36 69 
75 1 42 40 
76 1 66 29 
77 3 59 72 
78 6 42 2 
79 2 81 2 
80 6 47 76 
81 5 3 15 
82 3 70 52 
83 6 1 74 
84 6 72 97 
85 2 47 14 
86 1 76 12 
87 4 2 53 
88 2 32 80 
89 6 45 14 
90 5 35 6 
91 2 56 57 
92 5 66 93 
93 2 26 44 
94 4 96 16 
95 3 47 0 
96 5 91 81 
97 1 41 86 
98 4 86 37 
99 3 69 100 
100 6 73 39 

1 14 45 73 
2 11 14 82 
3 10 66 22 
4 15 70 18 
5 12 35 92 
6 11 54 65 
7 10 43 58 
8 13 9 32 
9 13 69 46 
10 14 29 18 
11 13 34 71 
12 13 71 90 
13 14 31 8 
14 15 45 95 
15 12 26 44 
16 13 92 72 
17 11 6 48 
18 14 93 62 
19 11 88 27 
20 11 70 56 
21 14 6 81 
22 13 27 26 
23 13 66 62 
24 11 45 81 
25 12 51 89 
26 13 8 97 
27 15 95 31 
28 15 7 37 
29 10 72 87 
30 12 71 84 
31 11 18 0 
32 12 80 62