1 4 67 5 
2 2 0 20 
3 4 35 23 
4 6 26 79 
5 6 16 90 
6 3 78 94 
7 5 97 99 
8 6 76 48 
9 4 39 52 
10 4 61 93 
11 2 37 52 
12 4 38 24 
13 1 86 81 
14 2 80 31 
15 3 97 0 
16 4 70 35 
17 3 9 0 
18 2 38 83 
19 6 28 16 
20 1 67 94 
21 1 100 30 
22 2 77 10 
23 5 25 40 
24 6 96 13 
25 1 94 55 
26 4 75 89 
27 2 80 83 
28 6 2 70 
29 1 18 78 
30 1 66 16 
31 1 72 78 
32 5 58 100 
33 1 87 92 
34 4 15 15 
35 1 36 8 
36 6 28 80 
37 3 68 8 
38 5 69 54 
39 3 91 63 
40 6 42 70 
41 1 35 47 
42 1 19 49 
43 2 88 34 
44 2 40 62 
45 2 53 91 
46 3 20 58 
47 6 56 60 
48 1 50 57 
49 6 47 24 
50 2 73 35 
51 4 80 82 
52 4 8 3 
53 2 21 84 
54 4 51 19 
55 4 0 53 
56 3 17 24 
57 3 81 76 
58 4 29 89 
59 5 62 29 
60 3 39 84 
61 4 23 28 
62 2 58 28 
63 6 31 53 
64 6 20 47 
65 1 63 12 
66 2 15 45 
67 3 68 0 
68 1 63 58 
69 5 27 54 
70 6 34 10 
71 2 41 49 
72 3 71 9 
73 3 99 24 
74 3 30 86 
75 4 58 63 
76 4 16 6 
77 3 65 18 
78 3 27 64 
79 5 62 27 
80 5 71 89 
81 5 97 60 
82 3 30 82 
83 3 77 34 
84 5 53 14 
85 1 96 7 
86 1 60 74 
87 5 67 2 
88 3 12 17 
89 6 82 3 
90 3 41 53 
91 2 4 21 
92 6 52 87 
93 3 65 91 
94 2 2 55 
95 3 7 85 
96 4 18 52 
97 4 92 81 
98 2 55 51 
99 5 2 55 
100 6 47 46 

1 10 18 84 
2 11 27 94 
3 10 35 5 
4 14 60 2 
5 11 83 26 
6 10 47 68 
7 14 63 51 
8 11 26 41 
9 12 4 10 
10 11 4 15 
11 13 24 97 
12 14 99 82 
13 14 9 14 
14 10 28 52 
15 14 45 24 
16 10 32 3 
17 13 52 62 
18 14 34 15 
19 12 22 23 
20 14 69 98 
21 10 98 8 
22 15 62 90 
23 11 72 66 
24 15 8 84 
25 12 46 97 
26 11 91 4 
27 10 15 91 
28 10 53 8 
29 11 48 5 
30 11 79 35 
31 14 19 41 
32 13 25 9